0.337973 -0.105084 0.286995
0.302135 0.412624 -0.299935
-0.167706 0.269124 -0.226762
0.0520726 -0.0260737 0.131899

0.334894 -0.104163 0.290259
0.305369 0.413226 -0.297093
-0.169994 0.269848 -0.230998
0.0508609 -0.0293881 0.134929

0.330942 -0.102861 0.292881
0.308146 0.413459 -0.293931
-0.171656 0.270406 -0.234933
0.0503531 -0.0325477 0.13798

0.326099 -0.101185 0.294846
0.310468 0.413325 -0.290459
-0.172702 0.270804 -0.238567
0.0505746 -0.0355553 0.141076

0.320339 -0.0991361 0.296132
0.312337 0.412827 -0.286682
-0.173142 0.271046 -0.241898
0.0515593 -0.0384143 0.144245

0.313625 -0.0967153 0.296706
0.313752 0.411965 -0.282607
-0.17298 0.271136 -0.244925
0.0533511 -0.0411296 0.147522

0.305905 -0.09392 0.29653
0.314712 0.410738 -0.278238
-0.172221 0.271078 -0.247645
0.0560075 -0.0437071 0.150949

0.297109 -0.090745 0.295547
0.315215 0.409145 -0.273579
-0.170869 0.270876 -0.250055
0.0596032 -0.0461539 0.154583

0.287143 -0.0871821 0.293685
0.315254 0.407182 -0.268631
-0.168922 0.270534 -0.252153
0.0642377 -0.0484792 0.158495

0.275875 -0.0832193 0.290843
0.314825 0.404845 -0.263397
-0.166379 0.270056 -0.253933
0.0700462 -0.0506941 0.162784

0.263119 -0.0788407 0.286876
0.31392 0.402129 -0.257877
-0.163236 0.269446 -0.255391
0.0772193 -0.0528126 0.167589

0.248595 -0.0740257 0.281566
0.312529 0.399025 -0.25207
-0.159488 0.268707 -0.256521
0.0860411 -0.0548517 0.173122

0.231846 -0.0687495 0.274555
0.31064 0.395524 -0.245975
-0.155124 0.267844 -0.257316
0.0969697 -0.0568311 0.179732

0.212038 -0.0629918 0.265162
0.30824 0.391616 -0.239589
-0.150135 0.266861 -0.257766
0.110843 -0.0587644 0.188089

0.187254 -0.0567987 0.251732
0.305312 0.387289 -0.232909
-0.144506 0.26576 -0.257861
0.129581 -0.0605971 0.199834

0.150106 -0.0511677 0.226915
0.301837 0.382528 -0.225931
-0.13822 0.264548 -0.257589
0.160573 -0.0613208 0.222302

0.403613 -0.327251 0.0736447
0.297791 0.377317 -0.218652
-0.131258 0.263224 -0.25693
-0.0991958 0.22023 0.372535

0.656916 -0.602983 -0.0796824
0.293181 0.371782 -0.2112
-0.123715 0.261921 -0.255928
-0.358777 0.501733 0.522307

0.910115 -0.87855 -0.233018
0.288024 0.366042 -0.203716
-0.115651 0.260739 -0.254732
-0.618228 0.783156 0.671862

1.16325 -1.15403 -0.386346
0.282307 0.360131 -0.196264
-0.107046 0.259699 -0.253409
-0.877599 1.06452 0.821316

1.41635 -1.42945 -0.539665
0.276001 0.354057 -0.18888
-0.0978616 0.258811 -0.251975
-1.13692 1.34584 0.970717

1.66942 -1.70484 -0.692976
0.269065 0.347816 -0.181592
-0.0880533 0.258082 -0.25042
-1.39621 1.62713 1.12009

1.92247 -1.9802 -0.846281
0.261447 0.341401 -0.17443
-0.0775667 0.257525 -0.248726
-1.65547 1.90839 1.26943

2.1755 -2.25554 -0.999579
0.253084 0.334799 -0.167427
-0.066336 0.257152 -0.246864
-1.91471 2.18964 1.41877

2.42852 -2.53087 -1.15287
0.243893 0.327995 -0.160628
-0.0542798 0.256981 -0.244792
-2.17395 2.47088 1.56809

2.68153 -2.80619 -1.30616
0.233773 0.320968 -0.154089
-0.0412956 0.25703 -0.242456
-2.43317 2.75211 1.7174

2.93453 -3.08149 -1.45945
0.222591 0.313694 -0.14789
-0.0272499 0.257326 -0.239778
-2.69238 3.03333 1.86671

3.18753 -3.35679 -1.61273
0.210168 0.306139 -0.142146
-0.0119643 0.257901 -0.236642
-2.95158 3.31454 2.01601

3.44052 -3.63208 -1.76601
0.196256 0.29826 -0.137035
0.00481017 0.2588 -0.232871
-3.21078 3.59574 2.16531

3.69351 -3.90737 -1.91929
0.180489 0.289999 -0.132852
0.02344 0.260082 -0.228172
-3.46997 3.87694 2.31461

3.94649 -4.18265 -2.07256
0.162286 0.281274 -0.130147
0.0445051 0.261827 -0.221993
-3.72916 4.15814 2.4639

4.19947 -4.45793 -2.22583
0.140636 0.271979 -0.130129
0.0690168 0.264141 -0.213126
-3.98835 4.43933 2.61319

4.45244 -4.7332 -2.37911
0.113592 0.262094 -0.136362
0.0989225 0.267045 -0.198008
-4.24753 4.72051 2.76247

4.70541 -5.00847 -2.53238
0.0808373 0.254136 -0.166593
0.134539 0.268022 -0.158892
-4.50671 5.0017 2.91176

4.95838 -5.28374 -2.68565
0.0786471 0.254081 -0.192441
0.139591 0.261095 -0.124158
-4.76589 5.28288 3.06104

5.21135 -5.55901 -2.83891
0.0843351 0.254933 -0.209461
0.136764 0.253262 -0.0982517
-5.02506 5.56406 3.21032

5.46431 -5.83427 -2.99218
0.092843 0.255695 -0.2205
0.131118 0.245519 -0.0783265
-5.28423 5.84524 3.3596

5.71728 -6.10953 -3.14545
0.102541 0.25614 -0.227116
0.124281 0.238092 -0.0628236
-5.5434 6.12641 3.50888

5.97024 -6.38479 -3.29871
0.112709 0.256196 -0.230186
0.116974 0.231055 -0.0508667
-5.80257 6.40759 3.65816

6.2232 -6.66004 -3.45197
0.122949 0.255828 -0.230238
0.109596 0.22444 -0.0419276
-6.06173 6.68876 3.80744

6.47616 -6.9353 -3.60524
0.132998 0.255013 -0.227603
0.102408 0.218274 -0.035675
-6.3209 6.96993 3.95671

6.72911 -7.21055 -3.7585
0.142651 0.253722 -0.222488
0.095616 0.212582 -0.0319025
-6.58006 7.25109 4.10599

6.98207 -7.4858 -3.91176
0.151722 0.251922 -0.215011
0.0894065 0.2074 -0.0304921
-6.83922 7.53226 4.25526

7.23502 -7.76105 -4.06502
0.160011 0.249564 -0.20522
0.0839785 0.202777 -0.0313956
-7.09839 7.81343 4.40453

7.48798 -8.0363 -4.21828
0.167281 0.246578 -0.193099
0.0795694 0.19878 -0.0346286
-7.35755 8.09459 4.55381

7.74093 -8.31155 -4.37154
0.173217 0.242865 -0.178568
0.0764946 0.195511 -0.0402722
-7.6167 8.37576 4.70308

7.99388 -8.5868 -4.5248
0.177357 0.238273 -0.161469
0.0752157 0.19312 -0.0484837
-7.87586 8.65692 4.85235

8.24683 -8.86204 -4.67806
0.17895 0.232555 -0.141551
0.0764843 0.191856 -0.059513
-8.13502 8.93808 5.00162

8.49978 -9.13729 -4.83132
0.176595 0.225269 -0.118473
0.0817006 0.19216 -0.0737031
-8.39417 9.21924 5.15089

8.75273 -9.41253 -4.98457
0.167116 0.215497 -0.0920345
0.0940407 0.19495 -0.091254
-8.65333 9.5004 5.30016

9.00568 -9.68778 -5.13783
0.140937 0.20103 -0.0654173
0.12308 0.202435 -0.108983
-8.91248 9.78156 5.44943

9.25863 -9.96302 -5.29109
0.0976853 0.187905 -0.0804547
0.169194 0.208576 -0.0850579
-9.17164 10.0627 5.5987

9.51157 -10.2383 -5.44435
0.0716678 0.179763 -0.0966015
0.198072 0.209736 -0.0600231
-9.43079 10.3439 5.74797

9.76452 -10.5135 -5.5976
0.0507921 0.17284 -0.11126
0.221809 0.209676 -0.0364761
-9.68994 10.625 5.89724

10.0175 -10.7887 -5.75086
0.0323995 0.166452 -0.124834
0.243063 0.209082 -0.014015
-9.9491 10.9062 6.04651

10.2704 -11.064 -5.90411
0.0154967 0.160365 -0.137623
0.262827 0.208186 0.00766246
-10.2082 11.1873 6.19577

10.5234 -11.3392 -6.05737
-0.000400399 0.154473 -0.149822
0.281585 0.207096 0.0287491
-10.4674 11.4685 6.34504

10.7763 -11.6145 -6.21062
-0.0155666 0.148717 -0.161557
0.299612 0.205869 0.0493729
-10.7265 11.7497 6.49431

11.0292 -11.8897 -6.36388
-0.0301741 0.143063 -0.172919
0.317081 0.204541 0.0696229
-10.9857 12.0308 6.64357

11.2822 -12.1649 -6.51713
-0.0443387 0.137487 -0.183972
0.334107 0.203134 0.0895635
-11.2448 12.312 6.79284

11.5351 -12.4402 -6.67039
-0.0581424 0.131973 -0.194763
0.350772 0.201665 0.109243
-11.504 12.5931 6.94211

11.7881 -12.7154 -6.82364
-0.0716454 0.126511 -0.205331
0.367136 0.200145 0.128699
-11.7631 12.8743 7.09137

12.041 -12.9907 -6.97689
-0.0848937 0.121091 -0.215705
0.383245 0.198582 0.147962
-12.0223 13.1554 7.24064

12.294 -13.2659 -7.13015
-0.0979228 0.115708 -0.225909
0.399136 0.196982 0.167054
-12.2814 13.4366 7.3899

12.5469 -13.5411 -7.2834
-0.110761 0.110356 -0.235962
0.414835 0.195352 0.185995
-12.5406 13.7177 7.53917

12.7998 -13.8164 -7.43665
-0.123432 0.105031 -0.245881
0.430367 0.193694 0.204802
-12.7997 13.9989 7.68843

13.0528 -14.0916 -7.58991
-0.135954 0.0997296 -0.255679
0.445751 0.192012 0.223487
-13.0589 14.28 7.8377

13.3057 -14.3668 -7.74316
-0.148344 0.0944495 -0.265367
0.461001 0.19031 0.242064
-13.318 14.5612 7.98696

13.5587 -14.6421 -7.89641
-0.160613 0.0891882 -0.274955
0.476132 0.188588 0.26054
-13.5772 14.8423 8.13623

13.8116 -14.9173 -8.04966
-0.172775 0.0839438 -0.284453
0.491155 0.18685 0.278926
-13.8363 15.1235 8.28549

14.0645 -15.1925 -8.20291
-0.184838 0.0787146 -0.293866
0.506079 0.185096 0.297228
-14.0955 15.4046 8.43475

14.3175 -15.4678 -8.35617
-0.19681 0.0734993 -0.303203
0.520913 0.183329 0.315453
-14.3546 15.6858 8.58402

14.5704 -15.743 -8.50942
-0.208701 0.0682967 -0.312469
0.535664 0.181548 0.333606
-14.6138 15.9669 8.73328

14.8233 -16.0182 -8.66267
-0.220514 0.0631056 -0.321668
0.550339 0.179757 0.351694
-14.8729 16.2481 8.88254

15.0763 -16.2935 -8.81592
-0.232258 0.0579252 -0.330806
0.564944 0.177954 0.36972
-15.132 16.5292 9.03181

15.3292 -16.5687 -8.96917
-0.243936 0.0527547 -0.339886
0.579483 0.176142 0.387688
-15.3912 16.8104 9.18107

15.5822 -16.8439 -9.12242
-0.255553 0.0475933 -0.348913
0.593961 0.17432 0.405603
-15.6503 17.0915 9.33033

15.8351 -17.1192 -9.27567
-0.267113 0.0424404 -0.357889
0.608383 0.17249 0.423467
-15.9095 17.3727 9.4796

16.088 -17.3944 -9.42892
-0.27862 0.0372953 -0.366817
0.622751 0.170652 0.441283
-16.1686 17.6538 9.62886

16.341 -17.6696 -9.58218
-0.290077 0.0321577 -0.375701
0.637069 0.168807 0.459055
-16.4278 17.935 9.77812

16.5939 -17.9448 -9.73543
-0.301487 0.027027 -0.384542
0.651341 0.166955 0.476785
-16.6869 18.2161 9.92738

16.8468 -18.2201 -9.88868
-0.312853 0.0219027 -0.393344
0.665568 0.165096 0.494475
-16.9461 18.4973 10.0766

17.0998 -18.4953 -10.0419
-0.324178 0.0167846 -0.402108
0.679754 0.163232 0.512126
-17.2052 18.7784 10.2259

17.3527 -18.7705 -10.1952
-0.335463 0.0116722 -0.410836
0.6939 0.161361 0.529742
-17.4643 19.0595 10.3752

17.6057 -19.0458 -10.3484
-0.34671 0.00656521 -0.419529
0.708009 0.159485 0.547324
-17.7235 19.3407 10.5244

17.8586 -19.321 -10.5017
-0.357922 0.00146337 -0.428191
0.722082 0.157604 0.564874
-17.9826 19.6218 10.6737

18.1115 -19.5962 -10.6549
-0.369101 -0.0036336 -0.436821
0.736122 0.155718 0.582392
-18.2418 19.903 10.823

18.3645 -19.8715 -10.8082
-0.380248 -0.00872597 -0.445422
0.75013 0.153827 0.599881
-18.5009 20.1841 10.9722

18.6174 -20.1467 -10.9614
-0.391364 -0.013814 -0.453994
0.764107 0.151932 0.617342
-18.76 20.4653 11.1215

18.8703 -20.4219 -11.1147
-0.402451 -0.0188978 -0.46254
0.778055 0.150033 0.634776
-19.0192 20.7464 11.2707

19.1233 -20.6971 -11.2679
-0.41351 -0.0239776 -0.47106
0.791976 0.14813 0.652184
-19.2783 21.0276 11.42

19.3762 -20.9724 -11.4212
-0.424543 -0.0290537 -0.479555
0.80587 0.146223 0.669567
-19.5375 21.3087 11.5693

19.6291 -21.2476 -11.5744
-0.43555 -0.0341261 -0.488027
0.819738 0.144313 0.686926
-19.7966 21.5899 11.7185

19.8821 -21.5228 -11.7277
-0.446533 -0.0391951 -0.496476
0.833583 0.142399 0.704263
-20.0558 21.871 11.8678

20.135 -21.7981 -11.8809
-0.457493 -0.0442608 -0.504903
0.847404 0.140481 0.721578
-20.3149 22.1521 12.017

20.3879 -22.0733 -12.0342
-0.468431 -0.0493234 -0.513309
0.861202 0.138561 0.738872
-20.574 22.4333 12.1663

20.6409 -22.3485 -12.1874
-0.479346 -0.0543829 -0.521694
0.87498 0.136637 0.756146
-20.8332 22.7144 12.3156

20.8938 -22.6237 -12.3407
-0.490242 -0.0594394 -0.530061
0.888736 0.134711 0.7734
-21.0923 22.9956 12.4648

21.1467 -22.899 -12.4939
-0.501117 -0.0644932 -0.538408
0.902473 0.132782 0.790636
-21.3515 23.2767 12.6141

21.3997 -23.1742 -12.6472
-0.511973 -0.0695443 -0.546737
0.91619 0.13085 0.807853
-21.6106 23.5579 12.7634

21.6526 -23.4494 -12.8004
-0.522811 -0.0745928 -0.555049
0.92989 0.128915 0.825053
-21.8697 23.839 12.9126

21.9055 -23.7247 -12.9537
-0.533631 -0.0796388 -0.563344
0.943571 0.126978 0.842236
-22.1289 24.1202 13.0619

22.1585 -23.9999 -13.1069
-0.544434 -0.0846824 -0.571623
0.957235 0.125039 0.859403
-22.388 24.4013 13.2111

22.4114 -24.2751 -13.2602
-0.55522 -0.0897238 -0.579886
0.970883 0.123097 0.876553
-22.6472 24.6824 13.3604

22.6643 -24.5503 -13.4134
-0.565991 -0.0947628 -0.588133
0.984514 0.121153 0.893689
-22.9063 24.9636 13.5097

22.9173 -24.8256 -13.5667
-0.576746 -0.0997997 -0.596366
0.99813 0.119207 0.91081
-23.1654 25.2447 13.6589

23.1702 -25.1008 -13.7199
-0.587485 -0.104835 -0.604584
1.01173 0.117259 0.927916
-23.4246 25.5259 13.8082

23.4231 -25.376 -13.8732
-0.598211 -0.109867 -0.612789
1.02532 0.115309 0.945009
-23.6837 25.807 13.9574

23.6761 -25.6512 -14.0264
-0.608922 -0.114898 -0.62098
1.03889 0.113357 0.962088
-23.9429 26.0882 14.1067

23.929 -25.9265 -14.1797
-0.61962 -0.119927 -0.629158
1.05245 0.111403 0.979154
-24.202 26.3693 14.256

24.1819 -26.2017 -14.3329
-0.630304 -0.124954 -0.637323
1.066 0.109447 0.996207
-24.4611 26.6504 14.4052

24.4349 -26.4769 -14.4861
-0.640976 -0.12998 -0.645476
1.07953 0.107489 1.01325
-24.7203 26.9316 14.5545

24.6878 -26.7521 -14.6394
-0.651635 -0.135003 -0.653617
1.09305 0.10553 1.03028
-24.9794 27.2127 14.7037

24.9407 -27.0274 -14.7926
-0.662282 -0.140025 -0.661746
1.10656 0.103569 1.04729
-25.2385 27.4939 14.853

25.1937 -27.3026 -14.9459
-0.672918 -0.145046 -0.669864
1.12005 0.101606 1.0643
-25.4977 27.775 15.0023

25.4466 -27.5778 -15.0991
-0.683542 -0.150065 -0.677971
1.13354 0.0996416 1.08129
-25.7568 28.0562 15.1515

25.6995 -27.8531 -15.2524
-0.694155 -0.155082 -0.686067
1.14701 0.0976759 1.09828
-26.016 28.3373 15.3008

25.9525 -28.1283 -15.4056
-0.704757 -0.160098 -0.694153
1.16048 0.0957086 1.11525
-26.2751 28.6184 15.45

26.2054 -28.4035 -15.5589
-0.715349 -0.165112 -0.702229
1.17393 0.09374 1.13222
-26.5342 28.8996 15.5993

26.4583 -28.6787 -15.7121
-0.725931 -0.170125 -0.710294
1.18737 0.0917699 1.14917
-26.7934 29.1807 15.7486

26.7113 -28.9539 -15.8654
-0.736502 -0.175137 -0.718351
1.20081 0.0897985 1.16611
-27.0525 29.4619 15.8978

26.9642 -29.2292 -16.0186
-0.747064 -0.180147 -0.726397
1.21423 0.0878257 1.18305
-27.3116 29.743 16.0471

27.2171 -29.5044 -16.1719
-0.757617 -0.185156 -0.734435
1.22764 0.0858516 1.19997
-27.5708 30.0241 16.1963

27.47 -29.7796 -16.3251
-0.76816 -0.190164 -0.742463
1.24105 0.0838763 1.21689
-27.8299 30.3053 16.3456

27.723 -30.0548 -16.4784
-0.778694 -0.195171 -0.750483
1.25444 0.0818998 1.2338
-28.0891 30.5864 16.4949

27.9759 -30.3301 -16.6316
-0.78922 -0.200176 -0.758494
1.26783 0.0799221 1.2507
-28.3482 30.8676 16.6441

28.2288 -30.6053 -16.7849
-0.799737 -0.20518 -0.766497
1.28121 0.0779432 1.26759
-28.6073 31.1487 16.7934

28.4818 -30.8805 -16.9381
-0.810246 -0.210183 -0.774492
1.29458 0.0759631 1.28447
-28.8665 31.4298 16.9426

28.7347 -31.1557 -17.0914
-0.820747 -0.215185 -0.782479
1.30794 0.073982 1.30135
-29.1256 31.711 17.0919

28.9876 -31.431 -17.2446
-0.831239 -0.220186 -0.790458
1.3213 0.0719998 1.31821
-29.3848 31.9921 17.2411

29.2406 -31.7062 -17.3979
-0.841724 -0.225186 -0.79843
1.33464 0.0700165 1.33507
-29.6439 32.2733 17.3904

29.4935 -31.9814 -17.5511
-0.852202 -0.230185 -0.806394
1.34798 0.0680322 1.35192
-29.903 32.5544 17.5397

29.7464 -32.2566 -17.7043
-0.862671 -0.235182 -0.81435
1.36131 0.0660469 1.36877
-30.1622 32.8355 17.6889

29.9994 -32.5319 -17.8576
-0.873134 -0.240179 -0.8223
1.37464 0.0640606 1.38561
-30.4213 33.1167 17.8382

30.2523 -32.8071 -18.0108
-0.88359 -0.245175 -0.830243
1.38795 0.0620734 1.40244
-30.6804 33.3978 17.9874

30.5052 -33.0823 -18.1641
-0.894038 -0.25017 -0.838179
1.40126 0.0600852 1.41926
-30.9396 33.679 18.1367

30.7581 -33.3575 -18.3173
-0.90448 -0.255164 -0.846108
1.41457 0.0580961 1.43608
-31.1987 33.9601 18.286

31.0111 -33.6328 -18.4706
-0.914916 -0.260157 -0.854031
1.42786 0.0561061 1.45289
-31.4579 34.2412 18.4352

31.264 -33.908 -18.6238
-0.925344 -0.265149 -0.861947
1.44115 0.0541152 1.46969
-31.717 34.5224 18.5845

31.5169 -34.1832 -18.7771
-0.935767 -0.270141 -0.869857
1.45444 0.0521234 1.48649
-31.9761 34.8035 18.7337

31.7699 -34.4584 -18.9303
-0.946183 -0.275131 -0.877761
1.46771 0.0501308 1.50328
-32.2353 35.0847 18.883

32.0228 -34.7337 -19.0836
-0.956593 -0.280121 -0.885659
1.48098 0.0481374 1.52007
-32.4944 35.3658 19.0323

32.2757 -35.0089 -19.2368
-0.966997 -0.28511 -0.89355
1.49425 0.0461432 1.53685
-32.7535 35.6469 19.1815

32.5287 -35.2841 -19.3901
-0.977395 -0.290098 -0.901437
1.50751 0.0441482 1.55362
-33.0127 35.9281 19.3308

32.7816 -35.5593 -19.5433
-0.987787 -0.295085 -0.909317
1.52076 0.0421524 1.57039
-33.2718 36.2092 19.48

33.0345 -35.8345 -19.6966
-0.998174 -0.300072 -0.917192
1.53401 0.0401558 1.58715
-33.5309 36.4904 19.6293

33.2874 -36.1098 -19.8498
-1.00856 -0.305058 -0.925061
1.54725 0.0381586 1.60391
-33.7901 36.7715 19.7786

33.5404 -36.385 -20.003
-1.01893 -0.310043 -0.932925
1.56049 0.0361605 1.62066
-34.0492 37.0526 19.9278

33.7933 -36.6602 -20.1563
-1.0293 -0.315027 -0.940784
1.57372 0.0341618 1.63741
-34.3083 37.3338 20.0771

34.0462 -36.9354 -20.3095
-1.03967 -0.320011 -0.948638
1.58695 0.0321623 1.65415
-34.5675 37.6149 20.2263

34.2992 -37.2107 -20.4628
-1.05003 -0.324994 -0.956486
1.60017 0.0301622 1.67089
-34.8266 37.8961 20.3756

34.5521 -37.4859 -20.616
-1.06038 -0.329976 -0.96433
1.61339 0.0281614 1.68762
-35.0858 38.1772 20.5249

34.805 -37.7611 -20.7693
-1.07073 -0.334958 -0.972168
1.6266 0.0261599 1.70435
-35.3449 38.4583 20.6741

35.058 -38.0363 -20.9225
-1.08108 -0.339939 -0.980002
1.63981 0.0241578 1.72107
-35.604 38.7395 20.8234

35.3109 -38.3115 -21.0758
-1.09142 -0.344919 -0.987831
1.65301 0.0221551 1.73778
-35.8632 39.0206 20.9726

35.5638 -38.5868 -21.229
-1.10175 -0.349899 -0.995656
1.66621 0.0201517 1.7545
-36.1223 39.3018 21.1219

35.8167 -38.862 -21.3823
-1.11209 -0.354878 -1.00348
1.6794 0.0181477 1.7712
-36.3814 39.5829 21.2711

36.0697 -39.1372 -21.5355
-1.12241 -0.359857 -1.01129
1.69259 0.0161431 1.78791
-36.6406 39.864 21.4204

36.3226 -39.4124 -21.6887
-1.13273 -0.364835 -1.0191
1.70577 0.0141379 1.80461
-36.8997 40.1452 21.5697

36.5755 -39.6877 -21.842
-1.14305 -0.369812 -1.02691
1.71895 0.0121321 1.8213
-37.1588 40.4263 21.7189

36.8285 -39.9629 -21.9952
-1.15337 -0.374789 -1.03471
1.73212 0.0101257 1.83799
-37.418 40.7075 21.8682

37.0814 -40.2381 -22.1485
-1.16368 -0.379765 -1.04251
1.74529 0.00811879 1.85468
-37.6771 40.9886 22.0174

37.3343 -40.5133 -22.3017
-1.17398 -0.384741 -1.0503
1.75846 0.00611131 1.87136
-37.9363 41.2697 22.1667

37.5872 -40.7886 -22.455
-1.18428 -0.389716 -1.05809
1.77162 0.00410329 1.88804
-38.1954 41.5509 22.3159

37.8402 -41.0638 -22.6082
-1.19458 -0.394691 -1.06588
1.78478 0.00209473 1.90471
-38.4545 41.832 22.4652

38.0931 -41.339 -22.7615
-1.20487 -0.399665 -1.07366
1.79794 8.56442e-05 1.92138
-38.7137 42.1131 22.6145

38.346 -41.6142 -22.9147
-1.21516 -0.404638 -1.08144
1.81109 -0.00192396 1.93805
-38.9728 42.3943 22.7637

38.599 -41.8894 -23.068
-1.22545 -0.409611 -1.08921
1.82423 -0.00393407 1.95471
-39.2319 42.6754 22.913

38.8519 -42.1647 -23.2212
-1.23573 -0.414584 -1.09698
1.83738 -0.00594469 1.97137
-39.4911 42.9566 23.0622

39.1048 -42.4399 -23.3745
-1.24601 -0.419556 -1.10475
1.85052 -0.0079558 1.98802
-39.7502 43.2377 23.2115

39.3578 -42.7151 -23.5277
-1.25628 -0.424527 -1.11251
1.86365 -0.00996739 2.00467
-40.0093 43.5188 23.3608

39.6107 -42.9903 -23.6809
-1.26655 -0.429498 -1.12027
1.87679 -0.0119795 2.02132
-40.2685 43.8 23.51

39.8636 -43.2656 -23.8342
-1.27682 -0.434469 -1.12803
1.88991 -0.013992 2.03796
-40.5276 44.0811 23.6593

40.1165 -43.5408 -23.9874
-1.28708 -0.439439 -1.13578
1.90304 -0.016005 2.0546
-40.7868 44.3623 23.8085

40.3695 -43.816 -24.1407
-1.29734 -0.444409 -1.14353
1.91616 -0.0180185 2.07124
-41.0459 44.6434 23.9578

40.6224 -44.0912 -24.2939
-1.3076 -0.449378 -1.15128
1.92928 -0.0200324 2.08788
-41.305 44.9245 24.107

40.8753 -44.3664 -24.4472
-1.31785 -0.454347 -1.15902
1.94239 -0.0220467 2.10451
-41.5642 45.2057 24.2563

41.1283 -44.6417 -24.6004
-1.32811 -0.459315 -1.16676
1.95551 -0.0240615 2.12113
-41.8233 45.4868 24.4056

41.3812 -44.9169 -24.7537
-1.33835 -0.464283 -1.1745
1.96861 -0.0260767 2.13776
-42.0824 45.768 24.5548

41.6341 -45.1921 -24.9069
-1.3486 -0.469251 -1.18223
1.98172 -0.0280924 2.15438
-42.3416 46.0491 24.7041

41.8871 -45.4673 -25.0602
-1.35884 -0.474218 -1.18996
1.99482 -0.0301084 2.17099
-42.6007 46.3302 24.8533

42.14 -45.7426 -25.2134
-1.36907 -0.479185 -1.19768
2.00792 -0.0321249 2.18761
-42.8598 46.6114 25.0026

42.3929 -46.0178 -25.3666
-1.37931 -0.484151 -1.20541
2.02102 -0.0341418 2.20422
-43.119 46.8925 25.1518

42.6458 -46.293 -25.5199
-1.38954 -0.489117 -1.21313
2.03411 -0.0361591 2.22083
-43.3781 47.1737 25.3011

42.8988 -46.5682 -25.6731
-1.39977 -0.494082 -1.22085
2.0472 -0.0381767 2.23743
-43.6373 47.4548 25.4504

43.1517 -46.8435 -25.8264
-1.41 -0.499048 -1.22856
2.06029 -0.0401948 2.25404
-43.8964 47.7359 25.5996

43.4046 -47.1187 -25.9796
-1.42022 -0.504012 -1.23627
2.07337 -0.0422132 2.27064
-44.1555 48.0171 25.7489

43.6576 -47.3939 -26.1329
-1.43044 -0.508977 -1.24398
2.08645 -0.044232 2.28723
-44.4147 48.2982 25.8981

43.9105 -47.6691 -26.2861
-1.44066 -0.513941 -1.25169
2.09953 -0.0462512 2.30383
-44.6738 48.5794 26.0474

44.1634 -47.9443 -26.4394
-1.45087 -0.518904 -1.25939
2.11261 -0.0482708 2.32042
-44.9329 48.8605 26.1966

44.4164 -48.2196 -26.5926
-1.46108 -0.523868 -1.26709
2.12568 -0.0502907 2.33701
-45.1921 49.1416 26.3459

44.6693 -48.4948 -26.7459
-1.47129 -0.52883 -1.27479
2.13875 -0.0523109 2.35359
-45.4512 49.4228 26.4952

44.9222 -48.77 -26.8991
-1.4815 -0.533793 -1.28248
2.15182 -0.0543315 2.37017
-45.7103 49.7039 26.6444

45.1751 -49.0452 -27.0524
-1.4917 -0.538755 -1.29018
2.16488 -0.0563525 2.38675
-45.9695 49.9851 26.7937

45.4281 -49.3205 -27.2056
-1.5019 -0.543717 -1.29787
2.17795 -0.0583738 2.40333
-46.2286 50.2662 26.9429

45.681 -49.5957 -27.3588
-1.5121 -0.548679 -1.30555
2.19101 -0.0603955 2.41991
-46.4878 50.5473 27.0922

45.9339 -49.8709 -27.5121
-1.5223 -0.55364 -1.31324
2.20406 -0.0624174 2.43648
-46.7469 50.8285 27.2414

46.1869 -50.1461 -27.6653
-1.53249 -0.558601 -1.32092
2.21712 -0.0644398 2.45305
-47.006 51.1096 27.3907

46.4398 -50.4213 -27.8186
-1.54268 -0.563561 -1.3286
2.23017 -0.0664624 2.46962
-47.2652 51.3907 27.54

46.6927 -50.6966 -27.9718
-1.55287 -0.568521 -1.33628
2.24322 -0.0684853 2.48618
-47.5243 51.6719 27.6892

